image_id x_1 y_1 width height
000001.jpg 40 74 100 100
000002.jpg 35 69 111 111
000005.jpg 31 63 118 118
000006.jpg 40 75 97 97
000007.jpg 37 72 103 103
000008.jpg 42 75 92 92
000009.jpg 27 71 109 109
000010.jpg 39 73 100 100
000011.jpg 34 70 108 108
000012.jpg 34 68 110 110
000013.jpg 33 70 113 113
000014.jpg 35 70 107 107
000015.jpg 33 67 112 112
000016.jpg 37 72 107 107
000017.jpg 31 68 113 113
000018.jpg 35 70 109 109
000019.jpg 40 76 97 97
000020.jpg 36 67 104 104
000021.jpg 39 73 98 98
000022.jpg 39 72 102 102
000023.jpg 31 66 113 113
000024.jpg 39 70 102 102
000025.jpg 35 70 105 105
000026.jpg 43 79 92 92
000027.jpg 33 69 104 104
000028.jpg 37 76 103 103
000029.jpg 49 118 89 89
000029.jpg 32 68 115 115
000030.jpg 43 73 95 95
000031.jpg 30 68 118 118
000032.jpg 40 71 102 102
000033.jpg 39 72 101 101
000034.jpg 46 81 86 86
000035.jpg 36 69 107 107
000037.jpg 42 73 98 98
000038.jpg 32 68 112 112
000039.jpg 36 70 103 103
000040.jpg 35 70 106 106
000041.jpg 29 64 132 132
000042.jpg 32 67 114 114
000043.jpg 30 66 117 117
000044.jpg 42 76 95 95
000045.jpg 34 70 113 113
000046.jpg 35 70 109 109
000047.jpg 37 73 104 104
000048.jpg 32 64 111 111
000049.jpg 43 62 117 117
000050.jpg 37 68 108 108
000051.jpg 36 70 106 106
000052.jpg 36 67 107 107
000053.jpg 30 70 119 119
000054.jpg 32 68 113 113
000055.jpg 37 70 104 104
000056.jpg 52 86 79 79
000056.jpg 32 124 81 81
000057.jpg 36 69 106 106
000058.jpg 32 70 111 111
000059.jpg 24 60 127 127
000061.jpg 46 74 86 86
000062.jpg 38 79 98 98
000063.jpg 36 74 102 102
000064.jpg 30 66 115 115
000065.jpg 38 72 102 102
000066.jpg 31 70 110 110
000067.jpg 55 83 74 74
000068.jpg 45 77 93 93
000069.jpg 39 73 102 102
000071.jpg 32 71 109 109
000072.jpg 36 72 107 107
000073.jpg 39 71 104 104
000074.jpg 38 76 104 104
000075.jpg 32 61 117 117
000076.jpg 40 71 100 100
000077.jpg 38 74 97 97
000078.jpg 35 67 115 115
000079.jpg 41 72 103 103
000080.jpg 40 74 100 100
000081.jpg 30 67 113 113
000082.jpg 32 65 114 114
000083.jpg 40 72 103 103
000084.jpg 34 67 111 111
000085.jpg 37 71 107 107
000086.jpg 39 71 102 102
000087.jpg 31 66 115 115
000088.jpg 45 78 91 91
000089.jpg 42 79 90 90
000090.jpg 38 74 101 101
000091.jpg 39 74 101 101
000092.jpg 40 74 100 100
000093.jpg 45 83 90 90
000094.jpg 33 66 112 112
000095.jpg 41 80 95 95
000096.jpg 42 71 99 99
000097.jpg 39 74 97 97
000098.jpg 45 79 89 89
000099.jpg 33 68 113 113
000100.jpg 25 65 115 115
000101.jpg 34 71 107 107
000102.jpg 42 74 100 100
000103.jpg 43 76 94 94
000104.jpg 26 67 116 116
000105.jpg 32 69 115 115
000106.jpg 33 70 112 112
000107.jpg 42 76 96 96
000108.jpg 29 65 119 119
000109.jpg 35 66 109 109
000110.jpg 39 76 101 101
000111.jpg 36 72 106 106
000112.jpg 29 68 114 114
000113.jpg 36 72 105 105
000114.jpg 38 70 104 104
000115.jpg 36 67 107 107
000116.jpg 41 75 99 99
000117.jpg 42 74 91 91
000118.jpg 33 70 110 110
000119.jpg 41 75 96 96
000121.jpg 34 69 113 113
000122.jpg 32 68 113 113
000123.jpg 41 72 96 96
000124.jpg 58 83 69 69
000124.jpg 65 115 61 61
000125.jpg 33 66 111 111
000126.jpg 27 64 118 118
000127.jpg 37 72 104 104
000128.jpg 38 73 103 103
000129.jpg 33 66 111 111
000130.jpg 29 66 118 118
000131.jpg 33 72 100 100
000132.jpg 33 69 112 112
000133.jpg 38 72 104 104
000134.jpg 36 64 121 121
000135.jpg 32 67 110 110
000136.jpg 36 68 108 108
000138.jpg 26 57 127 127
000139.jpg 40 77 92 92
000140.jpg 35 66 112 112
000141.jpg 27 60 125 125
000142.jpg 44 77 91 91
000143.jpg 39 70 106 106
000144.jpg 20 59 135 135
000145.jpg 37 73 104 104
000147.jpg 36 74 103 103
000148.jpg 44 75 91 91
000150.jpg 36 76 100 100
000151.jpg 40 72 105 105
000152.jpg 42 72 103 103
000153.jpg 31 65 114 114
000155.jpg 33 69 114 114
000156.jpg 36 71 103 103
000157.jpg 39 76 102 102
000158.jpg 37 72 105 105
000160.jpg 41 76 97 97
000161.jpg 36 72 108 108
000162.jpg 40 74 99 99
000163.jpg 40 77 96 96
000164.jpg 39 71 100 100
000165.jpg 43 76 93 93
000168.jpg 34 70 110 110
000169.jpg 36 68 105 105
000170.jpg 34 68 109 109
000171.jpg 39 71 102 102
000172.jpg 34 71 103 103
000173.jpg 27 65 119 119
000174.jpg 36 72 107 107
000175.jpg 31 69 113 113
000176.jpg 31 66 114 114
000177.jpg 40 69 100 100
000178.jpg 33 68 117 117
000179.jpg 36 72 108 108
000180.jpg 84 75 93 93
000180.jpg 37 72 106 106
000181.jpg 37 73 105 105
000182.jpg 45 73 90 90
000183.jpg 32 66 119 119
000185.jpg 38 71 101 101
000186.jpg 32 66 114 114
000187.jpg 35 73 105 105
000188.jpg 38 71 110 110
000189.jpg 34 66 114 114
000190.jpg 45 78 90 90
000191.jpg 27 66 123 123
000192.jpg 39 73 101 101
000193.jpg 22 64 130 130
000194.jpg 37 70 106 106
000195.jpg 52 81 82 82
000196.jpg 42 73 93 93
000197.jpg 40 80 93 93
000198.jpg 35 69 107 107
000200.jpg 42 75 93 93
000201.jpg 34 68 110 110
000202.jpg 40 74 102 102
000203.jpg 39 72 101 101
000204.jpg 34 68 109 109
000205.jpg 35 70 109 109
000206.jpg 42 64 112 112
000207.jpg 36 72 104 104
000208.jpg 44 86 96 96
000209.jpg 33 68 115 115
000210.jpg 50 81 81 81
000211.jpg 44 79 94 94
000212.jpg 37 73 104 104
000213.jpg 41 74 97 97
000214.jpg 33 69 111 111
000215.jpg 40 71 100 100
000216.jpg 39 72 100 100
000217.jpg 38 75 105 105
000218.jpg 36 70 107 107
000219.jpg 42 78 89 89
000220.jpg 46 76 91 91
000221.jpg 38 70 103 103
000222.jpg 41 76 97 97
000223.jpg 31 68 116 116
000225.jpg 33 68 117 117
000226.jpg 43 75 94 94
000228.jpg 33 69 115 115
000229.jpg 31 67 116 116
000230.jpg 38 71 104 104
000231.jpg 36 66 108 108
000232.jpg 39 67 111 111
000233.jpg 40 70 97 97
000234.jpg 62 49 52 52
000234.jpg 40 74 102 102
000235.jpg 39 73 99 99
000236.jpg 39 85 91 91
000237.jpg 36 69 112 112
000238.jpg 37 74 102 102
000239.jpg 35 71 108 108
000241.jpg 35 68 111 111
000242.jpg 40 75 100 100
000244.jpg 41 73 99 99
000245.jpg 26 60 131 131
000246.jpg 45 74 94 94
000247.jpg 26 69 120 120
000248.jpg 37 68 108 108
000248.jpg 13 3 132 132
000249.jpg 29 65 121 121
000250.jpg 44 78 94 94
000251.jpg 26 66 114 114
000252.jpg 42 72 99 99
000253.jpg 28 63 122 122
000254.jpg 29 67 114 114
000255.jpg 46 78 88 88
000256.jpg 40 71 97 97
000257.jpg 37 71 107 107
000258.jpg 39 75 99 99
000259.jpg 36 71 105 105
000260.jpg 49 80 87 87
000261.jpg 43 75 96 96
000262.jpg 40 74 103 103
000263.jpg 41 75 96 96
000264.jpg 30 65 115 115
000265.jpg 52 76 77 77
000266.jpg 41 74 102 102
000267.jpg 38 73 103 103
000268.jpg 38 74 98 98
000269.jpg 42 75 95 95
000270.jpg 38 73 101 101
000271.jpg 37 71 107 107
000272.jpg 32 64 115 115
000273.jpg 36 74 109 109
000274.jpg 35 69 109 109
000275.jpg 42 74 97 97
000276.jpg 26 65 124 124
000277.jpg 35 72 108 108
000278.jpg 34 69 110 110
000279.jpg 42 78 91 91
000280.jpg 38 73 104 104
000281.jpg 47 79 82 82
000282.jpg 36 67 110 110
000284.jpg 47 79 85 85
000285.jpg 39 74 100 100
000286.jpg 34 68 111 111
000287.jpg 44 77 93 93
000288.jpg 43 77 89 89
000289.jpg 33 65 114 114
000290.jpg 42 74 97 97
000291.jpg 36 72 106 106
000292.jpg 46 76 89 89
000295.jpg 39 75 96 96
000296.jpg 38 71 103 103
000297.jpg 38 70 102 102
000298.jpg 33 64 115 115
000299.jpg 29 65 117 117
000300.jpg 35 67 112 112
000301.jpg 34 71 111 111
000302.jpg 33 68 114 114
000303.jpg 38 69 104 104
000303.jpg 78 70 94 94
000304.jpg 45 81 89 89
000305.jpg 35 70 107 107
000306.jpg 37 72 102 102
000307.jpg 37 68 107 107
000309.jpg 23 66 120 120
000310.jpg 37 72 106 106
000311.jpg 39 72 99 99
000312.jpg 41 77 95 95
000313.jpg 23 64 122 122
000314.jpg 40 75 100 100
000315.jpg 37 69 103 103
000317.jpg 29 69 112 112
000318.jpg 34 65 114 114
000319.jpg 40 75 92 92
000320.jpg 41 73 96 96
000321.jpg 34 67 111 111
000322.jpg 39 76 101 101
000323.jpg 36 72 105 105
000324.jpg 30 70 107 107
000325.jpg 36 71 110 110
000326.jpg 48 84 77 77
000327.jpg 33 70 112 112
000328.jpg 33 71 106 106
000329.jpg 38 71 104 104
000330.jpg 23 57 141 141
000330.jpg 33 18 136 136
000331.jpg 41 76 99 99
000332.jpg 35 70 106 106
000333.jpg 36 65 111 111
000334.jpg 34 70 110 110
000335.jpg 44 84 92 92
000336.jpg 35 69 109 109
000337.jpg 39 75 100 100
000338.jpg 34 68 110 110
000339.jpg 34 69 108 108
000340.jpg 34 68 112 112
000341.jpg 31 64 120 120
000342.jpg 28 71 105 105
000343.jpg 27 62 127 127
000344.jpg 41 75 99 99
000345.jpg 38 77 101 101
000346.jpg 38 70 98 98
000347.jpg 49 84 82 82
000348.jpg 37 71 106 106
000349.jpg 39 73 102 102
000350.jpg 28 68 120 120
000351.jpg 36 69 105 105
000352.jpg 32 68 114 114
000353.jpg 41 77 99 99
000354.jpg 37 72 108 108
000355.jpg 43 73 93 93
000356.jpg 35 70 108 108
000357.jpg 35 71 107 107
000358.jpg 32 69 112 112
000359.jpg 36 73 103 103
000360.jpg 39 70 104 104
000361.jpg 44 78 92 92
000362.jpg 47 78 86 86
000363.jpg 35 64 109 109
000364.jpg 31 67 113 113
000365.jpg 35 72 103 103
000367.jpg 39 71 100 100
000368.jpg 32 66 115 115
000369.jpg 39 70 102 102
000370.jpg 30 69 110 110
000371.jpg 39 73 93 93
000372.jpg 31 66 115 115
000373.jpg 20 66 126 126
000375.jpg 9 21 57 57
000375.jpg 37 79 93 93
000377.jpg 36 70 106 106
000378.jpg 25 68 113 113
000379.jpg 41 70 104 104
000380.jpg 38 70 106 106
000381.jpg 32 68 116 116
000382.jpg 24 61 129 129
000383.jpg 42 75 95 95
000384.jpg 34 68 110 110
000385.jpg 42 74 94 94
000386.jpg 42 79 90 90
000387.jpg 28 66 118 118
000388.jpg 42 75 96 96
000389.jpg 41 73 96 96
000390.jpg 33 63 113 113
000391.jpg 36 73 104 104
000392.jpg 35 72 109 109
000393.jpg 30 68 116 116
000394.jpg 34 71 109 109
000396.jpg 31 64 118 118
000397.jpg 37 72 101 101
000398.jpg 37 70 105 105
000399.jpg 37 70 104 104
000400.jpg 45 75 94 94
000401.jpg 37 70 103 103
000402.jpg 36 69 106 106
000403.jpg 43 76 92 92
000404.jpg 40 81 93 93
000405.jpg 36 69 106 106
000406.jpg 30 66 117 117
000407.jpg 37 69 107 107
000408.jpg 39 72 104 104
000409.jpg 28 66 112 112
000410.jpg 36 74 98 98
000411.jpg 38 72 100 100
000412.jpg 40 74 101 101
000413.jpg 29 65 116 116
000414.jpg 37 72 104 104
000415.jpg 38 72 105 105
000416.jpg 38 74 104 104
000418.jpg 29 63 121 121
000419.jpg 41 77 100 100
000420.jpg 37 74 102 102
000421.jpg 34 69 108 108
000422.jpg 38 77 100 100
000423.jpg 36 69 108 108
000424.jpg 42 73 101 101
000425.jpg 41 72 101 101
000426.jpg 44 85 77 77
000427.jpg 42 73 96 96
000428.jpg 29 65 120 120
000429.jpg 40 79 95 95
000430.jpg 31 68 116 116
000431.jpg 42 75 98 98
000432.jpg 33 67 111 111
000433.jpg 32 67 116 116
000434.jpg 38 72 105 105
000435.jpg 31 69 115 115
000436.jpg 38 77 101 101
000437.jpg 40 75 95 95
000438.jpg 38 73 99 99
000439.jpg 44 72 100 100
000440.jpg 40 74 99 99
000441.jpg 30 64 118 118
000442.jpg 40 77 95 95
000443.jpg 29 63 120 120
000444.jpg 37 74 108 108
000445.jpg 41 71 98 98
000446.jpg 31 67 115 115
000449.jpg 37 72 102 102
000450.jpg 33 66 112 112
000451.jpg 35 67 109 109
000452.jpg 29 65 116 116
000454.jpg 36 66 112 112
000455.jpg 33 70 108 108
000456.jpg 33 70 114 114
000457.jpg 36 74 104 104
000458.jpg 26 67 117 117
000459.jpg 38 76 101 101
000460.jpg 34 65 115 115
000461.jpg 31 67 114 114
000462.jpg 36 75 101 101
000463.jpg 41 75 94 94
000464.jpg 36 73 105 105
000465.jpg 38 76 103 103
000466.jpg 38 75 101 101
000467.jpg 34 71 108 108
000468.jpg 41 76 93 93
000469.jpg 51 83 76 76
000470.jpg 36 73 104 104
000471.jpg 32 67 111 111
000472.jpg 34 71 108 108
000473.jpg 45 76 89 89
000474.jpg 36 66 107 107
000475.jpg 33 67 114 114
000476.jpg 34 71 108 108
000477.jpg 34 69 108 108
000478.jpg 36 72 106 106
000479.jpg 36 76 106 106
000480.jpg 41 76 90 90
000481.jpg 34 73 110 110
000482.jpg 40 73 99 99
000483.jpg 39 74 97 97
000484.jpg 32 71 114 114
000485.jpg 38 71 107 107
000486.jpg 35 68 109 109
000487.jpg 38 73 103 103
000488.jpg 41 76 97 97
000489.jpg 35 70 110 110
000490.jpg 35 68 114 114
000491.jpg 35 70 108 108
000492.jpg 38 71 108 108
000493.jpg 38 74 100 100
000494.jpg 37 69 105 105
000495.jpg 36 70 108 108
000496.jpg 38 71 107 107
000497.jpg 33 69 111 111
000498.jpg 28 65 125 125
000499.jpg 38 69 106 106
000500.jpg 35 69 113 113
000501.jpg 36 68 108 108
000502.jpg 39 72 97 97
000503.jpg 40 73 103 103
000504.jpg 36 71 108 108
000505.jpg 27 64 119 119
000506.jpg 35 71 111 111
000507.jpg 37 69 106 106
000508.jpg 40 75 104 104
000509.jpg 41 79 99 99
000510.jpg 37 71 105 105
000511.jpg 33 68 111 111
000512.jpg 30 64 111 111
000513.jpg 33 69 112 112
000514.jpg 28 65 121 121
000515.jpg 36 70 106 106
000516.jpg 39 72 100 100
000517.jpg 23 64 126 126
000518.jpg 24 61 130 130
000519.jpg 38 71 107 107
000520.jpg 43 77 97 97
000521.jpg 37 69 103 103
000522.jpg 31 65 118 118
000523.jpg 32 68 112 112
000524.jpg 34 67 117 117
000525.jpg 45 77 87 87
000526.jpg 41 79 95 95
000527.jpg 34 67 110 110
000528.jpg 35 71 107 107
000529.jpg 21 61 125 125
000530.jpg 36 67 106 106
000531.jpg 36 72 103 103
000532.jpg 32 66 116 116
000533.jpg 32 65 113 113
000534.jpg 38 72 102 102
000535.jpg 32 62 119 119
000536.jpg 36 75 103 103
000537.jpg 42 73 92 92
000538.jpg 33 66 115 115
000539.jpg 42 77 95 95
000540.jpg 34 69 113 113
000541.jpg 36 71 100 100
000542.jpg 40 70 102 102
000543.jpg 37 68 106 106
000544.jpg 40 74 103 103
000545.jpg 37 71 105 105
000546.jpg 38 70 98 98
000547.jpg 58 99 67 67
000548.jpg 40 71 102 102
000549.jpg 46 82 83 83
000550.jpg 35 70 107 107
000551.jpg 36 74 107 107
000551.jpg 123 105 53 53
000552.jpg 33 68 112 112
000553.jpg 40 75 102 102
000554.jpg 37 71 102 102
000555.jpg 29 61 122 122
000556.jpg 34 66 117 117
000558.jpg 33 68 107 107
000559.jpg 39 76 98 98
000560.jpg 40 71 100 100
000561.jpg 29 63 119 119
000562.jpg 25 63 126 126
000563.jpg 37 69 107 107
000564.jpg 41 77 91 91
000565.jpg 33 67 112 112
000566.jpg 34 69 112 112
000567.jpg 36 72 103 103
000568.jpg 31 67 112 112
000569.jpg 39 72 100 100
000570.jpg 44 77 93 93
000571.jpg 39 70 100 100
000572.jpg 31 66 116 116
000573.jpg 41 117 69 69
000574.jpg 33 70 109 109
000575.jpg 29 71 120 120
000576.jpg 33 66 113 113
000577.jpg 45 74 90 90
000578.jpg 39 74 100 100
000579.jpg 38 70 102 102
000580.jpg 44 78 90 90
000581.jpg 39 73 103 103
000582.jpg 33 73 102 102
000583.jpg 34 69 112 112
000584.jpg 40 70 106 106
000585.jpg 36 69 106 106
000586.jpg 24 62 127 127
000587.jpg 37 70 103 103
000588.jpg 30 67 119 119
000589.jpg 42 74 102 102
000590.jpg 41 76 93 93
000591.jpg 36 70 108 108
000592.jpg 39 71 104 104
000593.jpg 42 74 96 96
000594.jpg 39 73 99 99
000595.jpg 31 67 116 116
000596.jpg 43 74 93 93
000597.jpg 40 77 92 92
000598.jpg 41 72 95 95
000599.jpg 34 70 113 113
000600.jpg 36 71 105 105
000601.jpg 46 78 89 89
000602.jpg 40 70 102 102
000603.jpg 39 71 103 103
000604.jpg 33 67 109 109
000605.jpg 35 69 109 109
000606.jpg 31 62 119 119
000607.jpg 46 78 89 89
000608.jpg 39 72 98 98
000609.jpg 34 67 109 109
000610.jpg 38 77 99 99
000611.jpg 45 75 98 98
000612.jpg 40 72 97 97
000613.jpg 43 77 91 91
000614.jpg 34 63 114 114
000615.jpg 47 79 88 88
000616.jpg 30 65 119 119
000617.jpg 35 67 110 110
000618.jpg 33 66 114 114
000619.jpg 40 74 99 99
000620.jpg 30 62 118 118
000621.jpg 43 76 94 94
000622.jpg 35 71 112 112
000624.jpg 32 72 112 112
000625.jpg 37 69 106 106
000626.jpg 34 64 117 117
000628.jpg 28 64 118 118
000629.jpg 31 68 112 112
000630.jpg 34 73 105 105
000631.jpg 31 67 113 113
000632.jpg 44 78 91 91
000633.jpg 31 69 113 113
000634.jpg 32 67 115 115
000636.jpg 36 67 109 109
000637.jpg 40 76 99 99
000638.jpg 36 72 106 106
000640.jpg 40 76 98 98
000641.jpg 28 63 123 123
000642.jpg 37 72 104 104
000643.jpg 28 67 118 118
000644.jpg 35 68 109 109
000645.jpg 41 78 90 90
000647.jpg 41 75 98 98
000648.jpg 46 76 93 93
000649.jpg 48 76 88 88
000650.jpg 33 70 110 110
000651.jpg 38 72 102 102
000652.jpg 41 72 97 97
000653.jpg 36 70 109 109
000654.jpg 38 71 103 103
000655.jpg 41 75 98 98
000656.jpg 39 71 102 102
000657.jpg 37 71 102 102
000658.jpg 29 64 119 119
000659.jpg 34 68 109 109
000660.jpg 31 66 114 114
000661.jpg 30 67 117 117
000662.jpg 38 72 104 104
000663.jpg 28 66 120 120
000664.jpg 40 75 96 96
000665.jpg 34 70 110 110
000666.jpg 33 75 103 103
000667.jpg 38 72 103 103
000668.jpg 38 72 104 104
000669.jpg 43 76 90 90
000670.jpg 34 70 105 105
000671.jpg 37 71 105 105
000672.jpg 35 70 107 107
000673.jpg 32 69 111 111
000674.jpg 45 78 91 91
000675.jpg 38 71 105 105
000676.jpg 35 73 108 108
000677.jpg 36 67 113 113
000678.jpg 31 66 117 117
000679.jpg 38 73 104 104
000680.jpg 44 76 93 93
000681.jpg 33 70 113 113
000682.jpg 36 66 107 107
000684.jpg 28 63 115 115
000685.jpg 41 76 96 96
000686.jpg 32 64 112 112
000687.jpg 38 72 102 102
000688.jpg 37 72 104 104
000689.jpg 35 68 111 111
000690.jpg 34 72 105 105
000691.jpg 24 62 129 129
000692.jpg 44 77 95 95
000693.jpg 31 67 120 120
000694.jpg 35 72 108 108
000695.jpg 40 71 100 100
000696.jpg 34 66 109 109
000697.jpg 22 61 126 126
000698.jpg 35 74 100 100
000699.jpg 36 70 108 108
000700.jpg 40 68 104 104
000701.jpg 31 62 117 117
000702.jpg 34 71 107 107
000703.jpg 37 74 98 98
000704.jpg 36 71 107 107
000705.jpg 35 72 110 110
000706.jpg 39 70 101 101
000707.jpg 32 72 108 108
000708.jpg 49 78 79 79
000709.jpg 29 63 122 122
000710.jpg 37 69 115 115
000711.jpg 39 72 104 104
000712.jpg 32 67 109 109
000713.jpg 30 66 113 113
000714.jpg 31 67 114 114
000715.jpg 40 75 96 96
000716.jpg 40 74 100 100
000717.jpg 46 76 91 91
000718.jpg 37 75 103 103
000719.jpg 28 70 112 112
000720.jpg 30 67 115 115
000721.jpg 39 80 100 100
000722.jpg 36 71 103 103
000723.jpg 38 73 104 104
000724.jpg 41 71 96 96
000725.jpg 41 68 111 111
000726.jpg 34 72 112 112
000727.jpg 36 72 102 102
000728.jpg 35 68 107 107
000729.jpg 36 69 105 105
000730.jpg 35 72 102 102
000731.jpg 50 79 79 79
000732.jpg 40 74 96 96
000733.jpg 39 71 97 97
000734.jpg 41 74 94 94
000735.jpg 37 73 104 104
000736.jpg 35 69 111 111
000737.jpg 35 69 106 106
000738.jpg 35 70 109 109
000739.jpg 32 68 114 114
000740.jpg 36 74 106 106
000741.jpg 42 75 95 95
000742.jpg 32 65 115 115
000743.jpg 41 75 98 98
000744.jpg 32 69 107 107
000745.jpg 36 69 109 109
000746.jpg 44 79 89 89
000747.jpg 38 70 100 100
000748.jpg 40 74 97 97
000749.jpg 50 86 73 73
000750.jpg 7 143 54 54
000750.jpg 27 66 115 115
000751.jpg 42 73 95 95
000752.jpg 42 82 89 89
000753.jpg 29 63 115 115
000754.jpg 35 73 107 107
000755.jpg 41 72 97 97
000756.jpg 35 72 102 102
000757.jpg 42 64 109 109
000758.jpg 41 77 91 91
000759.jpg 37 73 108 108
000760.jpg 34 73 105 105
000761.jpg 36 70 107 107
000762.jpg 37 75 98 98
000763.jpg 32 70 112 112
000764.jpg 41 79 98 98
000765.jpg 38 75 102 102
000765.jpg 81 76 91 91
000766.jpg 48 78 86 86
000767.jpg 34 70 106 106
000768.jpg 38 68 105 105
000769.jpg 34 69 112 112
000770.jpg 47 86 76 76
000771.jpg 36 69 103 103
000772.jpg 43 77 95 95
000773.jpg 40 76 98 98
000774.jpg 37 71 107 107
000775.jpg 39 70 102 102
000776.jpg 37 69 106 106
000777.jpg 33 73 111 111
000778.jpg 34 73 109 109
000779.jpg 37 72 102 102
000780.jpg 42 75 96 96
000781.jpg 49 159 58 58
000781.jpg 39 75 104 104
000782.jpg 43 71 100 100
000783.jpg 40 72 99 99
000784.jpg 34 67 108 108
000785.jpg 35 66 113 113
000786.jpg 38 72 105 105
000787.jpg 33 71 109 109
000787.jpg 17 13 136 136
000788.jpg 21 67 132 132
000789.jpg 27 59 122 122
000790.jpg 34 68 109 109
000791.jpg 32 66 115 115
000792.jpg 44 75 94 94
000793.jpg 40 74 100 100
000794.jpg 36 71 106 106
000795.jpg 36 72 107 107
000796.jpg 32 68 111 111
000797.jpg 38 70 104 104
000798.jpg 32 69 115 115
000799.jpg 40 70 110 110
000800.jpg 38 73 104 104
000801.jpg 38 71 104 104
000802.jpg 29 79 102 102
000803.jpg 36 74 100 100
000804.jpg 33 72 109 109
000805.jpg 34 68 112 112
000806.jpg 39 73 103 103
000807.jpg 41 80 84 84
000808.jpg 40 70 98 98
000809.jpg 35 71 109 109
000810.jpg 31 66 112 112
000811.jpg 41 73 101 101
000812.jpg 38 80 98 98
000813.jpg 37 70 104 104
000814.jpg 35 72 109 109
000815.jpg 14 57 140 140
000816.jpg 31 65 113 113
000817.jpg 34 70 109 109
000818.jpg 31 67 116 116
000819.jpg 32 68 111 111
000821.jpg 39 77 97 97
000822.jpg 37 70 108 108
000823.jpg 31 65 111 111
000824.jpg 32 71 109 109
000825.jpg 35 68 108 108
000826.jpg 40 72 101 101
000827.jpg 37 69 105 105
000828.jpg 32 69 106 106
000829.jpg 38 72 99 99
000830.jpg 41 76 94 94
000831.jpg 36 72 106 106
000832.jpg 41 75 96 96
000833.jpg 22 58 125 125
000834.jpg 41 73 100 100
000835.jpg 34 70 108 108
000836.jpg 35 68 112 112
000837.jpg 38 71 106 106
000838.jpg 38 74 102 102
000839.jpg 38 71 103 103
000840.jpg 32 68 111 111
000841.jpg 37 72 103 103
000842.jpg 39 72 102 102
000843.jpg 41 70 98 98
000844.jpg 39 72 102 102
000846.jpg 31 61 116 116
000847.jpg 41 75 100 100
000848.jpg 40 71 99 99
000849.jpg 37 73 105 105
000850.jpg 40 74 100 100
000851.jpg 6 8 133 133
000851.jpg 32 66 114 114
000852.jpg 25 64 126 126
000853.jpg 43 77 92 92
000854.jpg 34 68 110 110
000855.jpg 42 77 92 92
000856.jpg 34 71 113 113
000857.jpg 37 72 106 106
000858.jpg 39 72 98 98
000859.jpg 36 69 107 107
000860.jpg 39 75 102 102
000861.jpg 36 70 109 109
000862.jpg 46 77 89 89
000863.jpg 41 74 102 102
000864.jpg 26 67 119 119
000865.jpg 38 72 105 105
000866.jpg 31 65 116 116
000867.jpg 32 67 114 114
000868.jpg 44 76 92 92
000869.jpg 37 70 103 103
000870.jpg 39 74 101 101
000871.jpg 43 73 97 97
000872.jpg 40 74 102 102
000873.jpg 40 70 99 99
000874.jpg 34 74 101 101
000875.jpg 32 66 115 115
000876.jpg 40 76 100 100
000877.jpg 36 68 113 113
000878.jpg 50 79 85 85
000879.jpg 33 70 106 106
000880.jpg 40 76 99 99
000881.jpg 36 63 105 105
000882.jpg 34 69 111 111
000883.jpg 36 71 109 109
000884.jpg 41 78 97 97
000885.jpg 40 71 101 101
000886.jpg 37 73 104 104
000887.jpg 36 72 106 106
000888.jpg 16 53 144 144
000889.jpg 47 68 105 105
000890.jpg 34 68 112 112
000891.jpg 38 71 102 102
000892.jpg 41 72 99 99
000893.jpg 36 76 101 101
000894.jpg 33 67 113 113
000895.jpg 36 71 108 108
000896.jpg 37 70 108 108
000897.jpg 46 78 90 90
000898.jpg 40 77 95 95
000899.jpg 35 67 111 111
000900.jpg 33 70 112 112
000901.jpg 32 69 114 114
000902.jpg 32 71 110 110
000903.jpg 40 72 96 96
000904.jpg 36 80 106 106
000905.jpg 27 61 120 120
000906.jpg 48 67 98 98
000907.jpg 26 63 126 126
000908.jpg 34 68 110 110
000909.jpg 35 69 107 107
000910.jpg 33 71 109 109
000911.jpg 26 66 112 112
000912.jpg 35 67 111 111
000913.jpg 37 71 105 105
000914.jpg 33 70 103 103
000915.jpg 38 72 103 103
000916.jpg 33 65 115 115
000917.jpg 25 57 129 129
000918.jpg 36 72 105 105
000919.jpg 39 74 100 100
000920.jpg 39 71 104 104
000921.jpg 39 73 100 100
000922.jpg 41 72 100 100
000923.jpg 37 68 107 107
000924.jpg 36 69 106 106
000925.jpg 67 155 61 61
000925.jpg 43 77 93 93
000926.jpg 38 69 107 107
000927.jpg 31 66 115 115
000928.jpg 39 74 104 104
000929.jpg 35 72 105 105
000930.jpg 38 77 102 102
000931.jpg 36 69 103 103
000932.jpg 40 71 102 102
000934.jpg 32 64 108 108
000935.jpg 31 65 117 117
000936.jpg 37 75 99 99
000937.jpg 35 69 107 107
000938.jpg 38 69 102 102
000939.jpg 46 77 90 90
000940.jpg 32 68 108 108
000941.jpg 39 72 106 106
000942.jpg 35 70 112 112
000943.jpg 28 67 117 117
000944.jpg 31 69 111 111
000945.jpg 34 67 113 113
000946.jpg 30 67 117 117
000948.jpg 43 75 96 96
000949.jpg 31 60 127 127
000950.jpg 33 70 108 108
000951.jpg 37 78 96 96
000952.jpg 29 70 108 108
000953.jpg 41 78 95 95
000954.jpg 30 64 116 116
000955.jpg 18 30 116 116
000955.jpg 38 74 103 103
000956.jpg 35 74 105 105
000958.jpg 41 72 97 97
000959.jpg 44 77 93 93
000960.jpg 31 73 112 112
000961.jpg 34 68 113 113
000962.jpg 41 77 95 95
000963.jpg 31 66 119 119
000964.jpg 38 69 106 106
000965.jpg 38 72 103 103
000966.jpg 30 65 118 118
000967.jpg 36 70 107 107
000968.jpg 30 66 119 119
000969.jpg 39 74 98 98
000970.jpg 19 59 131 131
000971.jpg 35 67 110 110
000972.jpg 36 67 108 108
000973.jpg 34 71 106 106
000974.jpg 27 64 117 117
000975.jpg 35 67 108 108
000976.jpg 34 70 112 112
000977.jpg 40 72 98 98
000978.jpg 42 75 93 93
000979.jpg 45 77 87 87
000980.jpg 37 69 106 106
000981.jpg 48 75 103 103
000982.jpg 17 61 50 50
000982.jpg 42 77 93 93
000984.jpg 32 65 114 114
000985.jpg 39 69 110 110
000986.jpg 31 68 114 114
000987.jpg 37 69 102 102
000988.jpg 37 71 107 107
000989.jpg 36 73 103 103
000990.jpg 34 68 110 110
000991.jpg 35 70 110 110
000992.jpg 39 72 101 101
000993.jpg 37 69 106 106
000994.jpg 40 74 95 95
000995.jpg 45 82 83 83
000996.jpg 33 68 114 114
000997.jpg 39 74 103 103
000998.jpg 36 71 108 108
000999.jpg 38 70 102 102
001000.jpg 34 70 110 110
